# Created by Octave 4.0.3, Tue Dec 27 14:51:01 2016 GMT <unknown@DESKTOP-OC2J49Q>
# name: A
# type: matrix
# rows: 3
# columns: 2
 1 2
 3 4
 5 6


